(kicad_pcb (version 20171130) (host pcbnew "(5.1.6)-1")

  (general
    (thickness 1.6)
    (drawings 0)
    (tracks 0)
    (zones 0)
    (modules 25)
    (nets 29)
  )

  (page A4)
  (layers
    (0 F.Cu signal)
    (31 B.Cu signal)
    (32 B.Adhes user)
    (33 F.Adhes user)
    (34 B.Paste user)
    (35 F.Paste user)
    (36 B.SilkS user)
    (37 F.SilkS user)
    (38 B.Mask user)
    (39 F.Mask user)
    (40 Dwgs.User user)
    (41 Cmts.User user)
    (42 Eco1.User user)
    (43 Eco2.User user)
    (44 Edge.Cuts user)
    (45 Margin user)
    (46 B.CrtYd user)
    (47 F.CrtYd user)
    (48 B.Fab user)
    (49 F.Fab user)
  )

  (setup
    (last_trace_width 0.25)
    (trace_clearance 0.2)
    (zone_clearance 0.508)
    (zone_45_only no)
    (trace_min 0.2)
    (via_size 0.8)
    (via_drill 0.4)
    (via_min_size 0.4)
    (via_min_drill 0.3)
    (uvia_size 0.3)
    (uvia_drill 0.1)
    (uvias_allowed no)
    (uvia_min_size 0.2)
    (uvia_min_drill 0.1)
    (edge_width 0.05)
    (segment_width 0.2)
    (pcb_text_width 0.3)
    (pcb_text_size 1.5 1.5)
    (mod_edge_width 0.12)
    (mod_text_size 1 1)
    (mod_text_width 0.15)
    (pad_size 1.524 1.524)
    (pad_drill 0.762)
    (pad_to_mask_clearance 0.05)
    (aux_axis_origin 0 0)
    (visible_elements FFFFFF7F)
    (pcbplotparams
      (layerselection 0x010fc_ffffffff)
      (usegerberextensions false)
      (usegerberattributes true)
      (usegerberadvancedattributes true)
      (creategerberjobfile true)
      (excludeedgelayer true)
      (linewidth 0.100000)
      (plotframeref false)
      (viasonmask false)
      (mode 1)
      (useauxorigin false)
      (hpglpennumber 1)
      (hpglpenspeed 20)
      (hpglpendiameter 15.000000)
      (psnegative false)
      (psa4output false)
      (plotreference true)
      (plotvalue true)
      (plotinvisibletext false)
      (padsonsilk false)
      (subtractmaskfromsilk false)
      (outputformat 1)
      (mirror false)
      (drillshape 1)
      (scaleselection 1)
      (outputdirectory ""))
  )

  (net 0 "")
  (net 1 VCC)
  (net 2 "Net-(C1-Pad2)")
  (net 3 "Net-(C1-Pad1)")
  (net 4 "Net-(C2-Pad1)")
  (net 5 GND)
  (net 6 /Vout)
  (net 7 "Net-(B1-Pad~)")
  (net 8 "Net-(D2-Pad2)")
  (net 9 GND1)
  (net 10 +12V)
  (net 11 /GATE)
  (net 12 "Net-(R1-Pad2)")
  (net 13 "Net-(R1-Pad1)")
  (net 14 "Net-(R3-Pad1)")
  (net 15 "Net-(R4-Pad1)")
  (net 16 "Net-(R4-Pad2)")
  (net 17 "Net-(R5-Pad1)")
  (net 18 /1IN+)
  (net 19 "Net-(U1-Pad1)")
  (net 20 "Net-(U1-Pad6)")
  (net 21 "Net-(U1-Pad3)")
  (net 22 "Net-(U1-Pad4)")
  (net 23 "Net-(U2-Pad7)")
  (net 24 "Net-(U2-Pad8)")
  (net 25 "Net-(U3-Pad10)")
  (net 26 "Net-(U3-Pad11)")
  (net 27 "Net-(U3-Pad15)")
  (net 28 "Net-(U3-Pad16)")

  (net_class Default "This is the default net class."
    (clearance 0.2)
    (trace_width 0.25)
    (via_dia 0.8)
    (via_drill 0.4)
    (uvia_dia 0.3)
    (uvia_drill 0.1)
    (add_net +12V)
    (add_net /1IN+)
    (add_net /GATE)
    (add_net /Vout)
    (add_net GND)
    (add_net GND1)
    (add_net "Net-(B1-Pad~)")
    (add_net "Net-(C1-Pad1)")
    (add_net "Net-(C1-Pad2)")
    (add_net "Net-(C2-Pad1)")
    (add_net "Net-(D2-Pad2)")
    (add_net "Net-(R1-Pad1)")
    (add_net "Net-(R1-Pad2)")
    (add_net "Net-(R3-Pad1)")
    (add_net "Net-(R4-Pad1)")
    (add_net "Net-(R4-Pad2)")
    (add_net "Net-(R5-Pad1)")
    (add_net "Net-(U1-Pad1)")
    (add_net "Net-(U1-Pad3)")
    (add_net "Net-(U1-Pad4)")
    (add_net "Net-(U1-Pad6)")
    (add_net "Net-(U2-Pad7)")
    (add_net "Net-(U2-Pad8)")
    (add_net "Net-(U3-Pad10)")
    (add_net "Net-(U3-Pad11)")
    (add_net "Net-(U3-Pad15)")
    (add_net "Net-(U3-Pad16)")
    (add_net VCC)
  )

  (module Transformer_THT:trafo (layer F.Cu) (tedit 5EEA9494) (tstamp 5EEAE181)
    (at 134.62 68.58)
    (path /5ED3739B)
    (fp_text reference B1 (at 0 20.52) (layer F.SilkS)
      (effects (font (size 1 1) (thickness 0.15)))
    )
    (fp_text value reel_trafo (at 0 -18.27) (layer F.Fab)
      (effects (font (size 1 1) (thickness 0.15)))
    )
    (fp_line (start -4.65 17.1) (end -4.65 -17.1) (layer F.SilkS) (width 0.12))
    (fp_line (start 4.65 17.1) (end -4.65 17.1) (layer F.SilkS) (width 0.12))
    (fp_line (start 4.65 -17.1) (end 4.65 17.1) (layer F.SilkS) (width 0.12))
    (fp_line (start -4.65 -17.1) (end 4.65 -17.1) (layer F.SilkS) (width 0.12))
    (fp_line (start 0 -17.1) (end -4.65 -17.1) (layer F.SilkS) (width 0.12))
    (pad 1 thru_hole circle (at -6.51 -20.52) (size 1.524 1.524) (drill 0.65) (layers *.Cu *.Mask)
      (net 1 VCC))
    (pad 2 thru_hole circle (at -6.51 -23.94) (size 1.524 1.524) (drill 0.65) (layers *.Cu *.Mask))
    (pad 3 thru_hole circle (at 6.51 -23.94) (size 1.524 1.524) (drill 0.65) (layers *.Cu *.Mask))
    (pad 4 thru_hole circle (at 6.51 -20.52) (size 1.524 1.524) (drill 0.65) (layers *.Cu *.Mask))
    (pad 5 thru_hole circle (at -6.51 20.52) (size 1.524 1.524) (drill 0.65) (layers *.Cu *.Mask))
    (pad 6 thru_hole circle (at 6.51 20.52) (size 1.524 1.524) (drill 0.65) (layers *.Cu *.Mask))
  )

  (module Capacitor_SMD:C_1206_3216Metric_Pad1.42x1.75mm_HandSolder (layer F.Cu) (tedit 5B301BBE) (tstamp 5EEAE192)
    (at 234.195001 50.285001)
    (descr "Capacitor SMD 1206 (3216 Metric), square (rectangular) end terminal, IPC_7351 nominal with elongated pad for handsoldering. (Body size source: http://www.tortai-tech.com/upload/download/2011102023233369053.pdf), generated with kicad-footprint-generator")
    (tags "capacitor handsolder")
    (path /5EE9CF95)
    (attr smd)
    (fp_text reference C1 (at 0 -1.82) (layer F.SilkS)
      (effects (font (size 1 1) (thickness 0.15)))
    )
    (fp_text value 2.2uF (at 0 1.82) (layer F.Fab)
      (effects (font (size 1 1) (thickness 0.15)))
    )
    (fp_text user %R (at 0 0) (layer F.Fab)
      (effects (font (size 0.8 0.8) (thickness 0.12)))
    )
    (fp_line (start -1.6 0.8) (end -1.6 -0.8) (layer F.Fab) (width 0.1))
    (fp_line (start -1.6 -0.8) (end 1.6 -0.8) (layer F.Fab) (width 0.1))
    (fp_line (start 1.6 -0.8) (end 1.6 0.8) (layer F.Fab) (width 0.1))
    (fp_line (start 1.6 0.8) (end -1.6 0.8) (layer F.Fab) (width 0.1))
    (fp_line (start -0.602064 -0.91) (end 0.602064 -0.91) (layer F.SilkS) (width 0.12))
    (fp_line (start -0.602064 0.91) (end 0.602064 0.91) (layer F.SilkS) (width 0.12))
    (fp_line (start -2.45 1.12) (end -2.45 -1.12) (layer F.CrtYd) (width 0.05))
    (fp_line (start -2.45 -1.12) (end 2.45 -1.12) (layer F.CrtYd) (width 0.05))
    (fp_line (start 2.45 -1.12) (end 2.45 1.12) (layer F.CrtYd) (width 0.05))
    (fp_line (start 2.45 1.12) (end -2.45 1.12) (layer F.CrtYd) (width 0.05))
    (pad 2 smd roundrect (at 1.4875 0) (size 1.425 1.75) (layers F.Cu F.Paste F.Mask) (roundrect_rratio 0.175439)
      (net 2 "Net-(C1-Pad2)"))
    (pad 1 smd roundrect (at -1.4875 0) (size 1.425 1.75) (layers F.Cu F.Paste F.Mask) (roundrect_rratio 0.175439)
      (net 3 "Net-(C1-Pad1)"))
    (model ${KISYS3DMOD}/Capacitor_SMD.3dshapes/C_1206_3216Metric.wrl
      (at (xyz 0 0 0))
      (scale (xyz 1 1 1))
      (rotate (xyz 0 0 0))
    )
  )

  (module Capacitor_SMD:C_1206_3216Metric_Pad1.42x1.75mm_HandSolder (layer F.Cu) (tedit 5B301BBE) (tstamp 5EEAE1A3)
    (at 187.455001 93.845001)
    (descr "Capacitor SMD 1206 (3216 Metric), square (rectangular) end terminal, IPC_7351 nominal with elongated pad for handsoldering. (Body size source: http://www.tortai-tech.com/upload/download/2011102023233369053.pdf), generated with kicad-footprint-generator")
    (tags "capacitor handsolder")
    (path /5EEF337A)
    (attr smd)
    (fp_text reference C2 (at 0 -1.82) (layer F.SilkS)
      (effects (font (size 1 1) (thickness 0.15)))
    )
    (fp_text value 4.7nF (at 0 1.82) (layer F.Fab)
      (effects (font (size 1 1) (thickness 0.15)))
    )
    (fp_line (start 2.45 1.12) (end -2.45 1.12) (layer F.CrtYd) (width 0.05))
    (fp_line (start 2.45 -1.12) (end 2.45 1.12) (layer F.CrtYd) (width 0.05))
    (fp_line (start -2.45 -1.12) (end 2.45 -1.12) (layer F.CrtYd) (width 0.05))
    (fp_line (start -2.45 1.12) (end -2.45 -1.12) (layer F.CrtYd) (width 0.05))
    (fp_line (start -0.602064 0.91) (end 0.602064 0.91) (layer F.SilkS) (width 0.12))
    (fp_line (start -0.602064 -0.91) (end 0.602064 -0.91) (layer F.SilkS) (width 0.12))
    (fp_line (start 1.6 0.8) (end -1.6 0.8) (layer F.Fab) (width 0.1))
    (fp_line (start 1.6 -0.8) (end 1.6 0.8) (layer F.Fab) (width 0.1))
    (fp_line (start -1.6 -0.8) (end 1.6 -0.8) (layer F.Fab) (width 0.1))
    (fp_line (start -1.6 0.8) (end -1.6 -0.8) (layer F.Fab) (width 0.1))
    (fp_text user %R (at 0 0) (layer F.Fab)
      (effects (font (size 0.8 0.8) (thickness 0.12)))
    )
    (pad 1 smd roundrect (at -1.4875 0) (size 1.425 1.75) (layers F.Cu F.Paste F.Mask) (roundrect_rratio 0.175439)
      (net 4 "Net-(C2-Pad1)"))
    (pad 2 smd roundrect (at 1.4875 0) (size 1.425 1.75) (layers F.Cu F.Paste F.Mask) (roundrect_rratio 0.175439)
      (net 5 GND))
    (model ${KISYS3DMOD}/Capacitor_SMD.3dshapes/C_1206_3216Metric.wrl
      (at (xyz 0 0 0))
      (scale (xyz 1 1 1))
      (rotate (xyz 0 0 0))
    )
  )

  (module Capacitor_SMD:C_1206_3216Metric_Pad1.42x1.75mm_HandSolder (layer F.Cu) (tedit 5B301BBE) (tstamp 5EEAE1B4)
    (at 205.005001 78.275001)
    (descr "Capacitor SMD 1206 (3216 Metric), square (rectangular) end terminal, IPC_7351 nominal with elongated pad for handsoldering. (Body size source: http://www.tortai-tech.com/upload/download/2011102023233369053.pdf), generated with kicad-footprint-generator")
    (tags "capacitor handsolder")
    (path /5ED3F9C9)
    (attr smd)
    (fp_text reference C3 (at 0 -1.82) (layer F.SilkS)
      (effects (font (size 1 1) (thickness 0.15)))
    )
    (fp_text value 33u (at 0 1.82) (layer F.Fab)
      (effects (font (size 1 1) (thickness 0.15)))
    )
    (fp_line (start 2.45 1.12) (end -2.45 1.12) (layer F.CrtYd) (width 0.05))
    (fp_line (start 2.45 -1.12) (end 2.45 1.12) (layer F.CrtYd) (width 0.05))
    (fp_line (start -2.45 -1.12) (end 2.45 -1.12) (layer F.CrtYd) (width 0.05))
    (fp_line (start -2.45 1.12) (end -2.45 -1.12) (layer F.CrtYd) (width 0.05))
    (fp_line (start -0.602064 0.91) (end 0.602064 0.91) (layer F.SilkS) (width 0.12))
    (fp_line (start -0.602064 -0.91) (end 0.602064 -0.91) (layer F.SilkS) (width 0.12))
    (fp_line (start 1.6 0.8) (end -1.6 0.8) (layer F.Fab) (width 0.1))
    (fp_line (start 1.6 -0.8) (end 1.6 0.8) (layer F.Fab) (width 0.1))
    (fp_line (start -1.6 -0.8) (end 1.6 -0.8) (layer F.Fab) (width 0.1))
    (fp_line (start -1.6 0.8) (end -1.6 -0.8) (layer F.Fab) (width 0.1))
    (fp_text user %R (at 0 0) (layer F.Fab)
      (effects (font (size 0.8 0.8) (thickness 0.12)))
    )
    (pad 1 smd roundrect (at -1.4875 0) (size 1.425 1.75) (layers F.Cu F.Paste F.Mask) (roundrect_rratio 0.175439)
      (net 6 /Vout))
    (pad 2 smd roundrect (at 1.4875 0) (size 1.425 1.75) (layers F.Cu F.Paste F.Mask) (roundrect_rratio 0.175439)
      (net 7 "Net-(B1-Pad~)"))
    (model ${KISYS3DMOD}/Capacitor_SMD.3dshapes/C_1206_3216Metric.wrl
      (at (xyz 0 0 0))
      (scale (xyz 1 1 1))
      (rotate (xyz 0 0 0))
    )
  )

  (module Package_TO_SOT_THT:TO-220-2_Vertical (layer F.Cu) (tedit 5AC8BA0D) (tstamp 5EEAE1CD)
    (at 184.415001 84.205001)
    (descr "TO-220-2, Vertical, RM 5.08mm, see https://www.centralsemi.com/PDFS/CASE/TO-220-2PD.PDF")
    (tags "TO-220-2 Vertical RM 5.08mm")
    (path /5ED3A6F4)
    (fp_text reference D1 (at 2.54 -4.27) (layer F.SilkS)
      (effects (font (size 1 1) (thickness 0.15)))
    )
    (fp_text value DIODE (at 2.54 2.5) (layer F.Fab)
      (effects (font (size 1 1) (thickness 0.15)))
    )
    (fp_line (start 7.79 -3.4) (end -2.71 -3.4) (layer F.CrtYd) (width 0.05))
    (fp_line (start 7.79 1.51) (end 7.79 -3.4) (layer F.CrtYd) (width 0.05))
    (fp_line (start -2.71 1.51) (end 7.79 1.51) (layer F.CrtYd) (width 0.05))
    (fp_line (start -2.71 -3.4) (end -2.71 1.51) (layer F.CrtYd) (width 0.05))
    (fp_line (start 4.391 -3.27) (end 4.391 -1.76) (layer F.SilkS) (width 0.12))
    (fp_line (start 0.69 -3.27) (end 0.69 -1.76) (layer F.SilkS) (width 0.12))
    (fp_line (start -2.58 -1.76) (end 7.66 -1.76) (layer F.SilkS) (width 0.12))
    (fp_line (start 7.66 -3.27) (end 7.66 1.371) (layer F.SilkS) (width 0.12))
    (fp_line (start -2.58 -3.27) (end -2.58 1.371) (layer F.SilkS) (width 0.12))
    (fp_line (start -2.58 1.371) (end 7.66 1.371) (layer F.SilkS) (width 0.12))
    (fp_line (start -2.58 -3.27) (end 7.66 -3.27) (layer F.SilkS) (width 0.12))
    (fp_line (start 4.39 -3.15) (end 4.39 -1.88) (layer F.Fab) (width 0.1))
    (fp_line (start 0.69 -3.15) (end 0.69 -1.88) (layer F.Fab) (width 0.1))
    (fp_line (start -2.46 -1.88) (end 7.54 -1.88) (layer F.Fab) (width 0.1))
    (fp_line (start 7.54 -3.15) (end -2.46 -3.15) (layer F.Fab) (width 0.1))
    (fp_line (start 7.54 1.25) (end 7.54 -3.15) (layer F.Fab) (width 0.1))
    (fp_line (start -2.46 1.25) (end 7.54 1.25) (layer F.Fab) (width 0.1))
    (fp_line (start -2.46 -3.15) (end -2.46 1.25) (layer F.Fab) (width 0.1))
    (fp_text user %R (at 2.54 -4.27) (layer F.Fab)
      (effects (font (size 1 1) (thickness 0.15)))
    )
    (pad 1 thru_hole rect (at 0 0) (size 2 2) (drill 1.1) (layers *.Cu *.Mask)
      (net 5 GND))
    (pad 2 thru_hole oval (at 5.08 0) (size 2 2) (drill 1.1) (layers *.Cu *.Mask)
      (net 7 "Net-(B1-Pad~)"))
    (model ${KISYS3DMOD}/Package_TO_SOT_THT.3dshapes/TO-220-2_Vertical.wrl
      (at (xyz 0 0 0))
      (scale (xyz 1 1 1))
      (rotate (xyz 0 0 0))
    )
  )

  (module Package_TO_SOT_THT:TO-220-2_Vertical (layer F.Cu) (tedit 5AC8BA0D) (tstamp 5EEAE1E6)
    (at 234.455001 46.605001)
    (descr "TO-220-2, Vertical, RM 5.08mm, see https://www.centralsemi.com/PDFS/CASE/TO-220-2PD.PDF")
    (tags "TO-220-2 Vertical RM 5.08mm")
    (path /5ED3DBC2)
    (fp_text reference D2 (at 2.54 -4.27) (layer F.SilkS)
      (effects (font (size 1 1) (thickness 0.15)))
    )
    (fp_text value DIODE (at 2.54 2.5) (layer F.Fab)
      (effects (font (size 1 1) (thickness 0.15)))
    )
    (fp_line (start 7.79 -3.4) (end -2.71 -3.4) (layer F.CrtYd) (width 0.05))
    (fp_line (start 7.79 1.51) (end 7.79 -3.4) (layer F.CrtYd) (width 0.05))
    (fp_line (start -2.71 1.51) (end 7.79 1.51) (layer F.CrtYd) (width 0.05))
    (fp_line (start -2.71 -3.4) (end -2.71 1.51) (layer F.CrtYd) (width 0.05))
    (fp_line (start 4.391 -3.27) (end 4.391 -1.76) (layer F.SilkS) (width 0.12))
    (fp_line (start 0.69 -3.27) (end 0.69 -1.76) (layer F.SilkS) (width 0.12))
    (fp_line (start -2.58 -1.76) (end 7.66 -1.76) (layer F.SilkS) (width 0.12))
    (fp_line (start 7.66 -3.27) (end 7.66 1.371) (layer F.SilkS) (width 0.12))
    (fp_line (start -2.58 -3.27) (end -2.58 1.371) (layer F.SilkS) (width 0.12))
    (fp_line (start -2.58 1.371) (end 7.66 1.371) (layer F.SilkS) (width 0.12))
    (fp_line (start -2.58 -3.27) (end 7.66 -3.27) (layer F.SilkS) (width 0.12))
    (fp_line (start 4.39 -3.15) (end 4.39 -1.88) (layer F.Fab) (width 0.1))
    (fp_line (start 0.69 -3.15) (end 0.69 -1.88) (layer F.Fab) (width 0.1))
    (fp_line (start -2.46 -1.88) (end 7.54 -1.88) (layer F.Fab) (width 0.1))
    (fp_line (start 7.54 -3.15) (end -2.46 -3.15) (layer F.Fab) (width 0.1))
    (fp_line (start 7.54 1.25) (end 7.54 -3.15) (layer F.Fab) (width 0.1))
    (fp_line (start -2.46 1.25) (end 7.54 1.25) (layer F.Fab) (width 0.1))
    (fp_line (start -2.46 -3.15) (end -2.46 1.25) (layer F.Fab) (width 0.1))
    (fp_text user %R (at 2.54 -4.27) (layer F.Fab)
      (effects (font (size 1 1) (thickness 0.15)))
    )
    (pad 1 thru_hole rect (at 0 0) (size 2 2) (drill 1.1) (layers *.Cu *.Mask)
      (net 7 "Net-(B1-Pad~)"))
    (pad 2 thru_hole oval (at 5.08 0) (size 2 2) (drill 1.1) (layers *.Cu *.Mask)
      (net 8 "Net-(D2-Pad2)"))
    (model ${KISYS3DMOD}/Package_TO_SOT_THT.3dshapes/TO-220-2_Vertical.wrl
      (at (xyz 0 0 0))
      (scale (xyz 1 1 1))
      (rotate (xyz 0 0 0))
    )
  )

  (module Package_TO_SOT_THT:TO-220-2_Vertical (layer F.Cu) (tedit 5AC8BA0D) (tstamp 5EEAE1FF)
    (at 195.965001 84.205001)
    (descr "TO-220-2, Vertical, RM 5.08mm, see https://www.centralsemi.com/PDFS/CASE/TO-220-2PD.PDF")
    (tags "TO-220-2 Vertical RM 5.08mm")
    (path /5ED3E515)
    (fp_text reference D3 (at 2.54 -4.27) (layer F.SilkS)
      (effects (font (size 1 1) (thickness 0.15)))
    )
    (fp_text value DIODE (at 2.54 2.5) (layer F.Fab)
      (effects (font (size 1 1) (thickness 0.15)))
    )
    (fp_text user %R (at 2.54 -4.27) (layer F.Fab)
      (effects (font (size 1 1) (thickness 0.15)))
    )
    (fp_line (start -2.46 -3.15) (end -2.46 1.25) (layer F.Fab) (width 0.1))
    (fp_line (start -2.46 1.25) (end 7.54 1.25) (layer F.Fab) (width 0.1))
    (fp_line (start 7.54 1.25) (end 7.54 -3.15) (layer F.Fab) (width 0.1))
    (fp_line (start 7.54 -3.15) (end -2.46 -3.15) (layer F.Fab) (width 0.1))
    (fp_line (start -2.46 -1.88) (end 7.54 -1.88) (layer F.Fab) (width 0.1))
    (fp_line (start 0.69 -3.15) (end 0.69 -1.88) (layer F.Fab) (width 0.1))
    (fp_line (start 4.39 -3.15) (end 4.39 -1.88) (layer F.Fab) (width 0.1))
    (fp_line (start -2.58 -3.27) (end 7.66 -3.27) (layer F.SilkS) (width 0.12))
    (fp_line (start -2.58 1.371) (end 7.66 1.371) (layer F.SilkS) (width 0.12))
    (fp_line (start -2.58 -3.27) (end -2.58 1.371) (layer F.SilkS) (width 0.12))
    (fp_line (start 7.66 -3.27) (end 7.66 1.371) (layer F.SilkS) (width 0.12))
    (fp_line (start -2.58 -1.76) (end 7.66 -1.76) (layer F.SilkS) (width 0.12))
    (fp_line (start 0.69 -3.27) (end 0.69 -1.76) (layer F.SilkS) (width 0.12))
    (fp_line (start 4.391 -3.27) (end 4.391 -1.76) (layer F.SilkS) (width 0.12))
    (fp_line (start -2.71 -3.4) (end -2.71 1.51) (layer F.CrtYd) (width 0.05))
    (fp_line (start -2.71 1.51) (end 7.79 1.51) (layer F.CrtYd) (width 0.05))
    (fp_line (start 7.79 1.51) (end 7.79 -3.4) (layer F.CrtYd) (width 0.05))
    (fp_line (start 7.79 -3.4) (end -2.71 -3.4) (layer F.CrtYd) (width 0.05))
    (pad 2 thru_hole oval (at 5.08 0) (size 2 2) (drill 1.1) (layers *.Cu *.Mask)
      (net 8 "Net-(D2-Pad2)"))
    (pad 1 thru_hole rect (at 0 0) (size 2 2) (drill 1.1) (layers *.Cu *.Mask)
      (net 7 "Net-(B1-Pad~)"))
    (model ${KISYS3DMOD}/Package_TO_SOT_THT.3dshapes/TO-220-2_Vertical.wrl
      (at (xyz 0 0 0))
      (scale (xyz 1 1 1))
      (rotate (xyz 0 0 0))
    )
  )

  (module Connector:Banana_Jack_2Pin (layer F.Cu) (tedit 5A1AB217) (tstamp 5EEAE212)
    (at 137.605001 95.685001)
    (descr "Dual banana socket, footprint - 2 x 6mm drills")
    (tags "banana socket")
    (path /5EED628F)
    (fp_text reference J1 (at 14.985 -6.24) (layer F.SilkS)
      (effects (font (size 1 1) (thickness 0.15)))
    )
    (fp_text value Conn_01x02_Female (at 14.985 6.29) (layer F.Fab)
      (effects (font (size 1 1) (thickness 0.15)))
    )
    (fp_circle (center 30 0) (end 34.75 0) (layer F.Fab) (width 0.1))
    (fp_circle (center 0 0) (end 4.75 0) (layer F.Fab) (width 0.1))
    (fp_circle (center 0 0) (end 2 0) (layer F.Fab) (width 0.1))
    (fp_circle (center 30 0) (end 32 0) (layer F.Fab) (width 0.1))
    (fp_line (start 30 -5.25) (end 0 -5.25) (layer F.SilkS) (width 0.12))
    (fp_line (start 0 5.25) (end 30 5.25) (layer F.SilkS) (width 0.12))
    (fp_line (start 0 5.5) (end 30 5.5) (layer F.CrtYd) (width 0.05))
    (fp_line (start 30 -5.5) (end 0 -5.5) (layer F.CrtYd) (width 0.05))
    (fp_text user %R (at 14.985 0) (layer F.Fab)
      (effects (font (size 1 1) (thickness 0.15)))
    )
    (fp_arc (start 0 0) (end 0 5.5) (angle 180) (layer F.CrtYd) (width 0.05))
    (fp_arc (start 30 0) (end 30 -5.5) (angle 180) (layer F.CrtYd) (width 0.05))
    (fp_arc (start 30 0) (end 30 -5.25) (angle 180) (layer F.SilkS) (width 0.12))
    (fp_arc (start 0 0) (end 0 5.25) (angle 180) (layer F.SilkS) (width 0.12))
    (pad 1 thru_hole circle (at 0 0) (size 10.16 10.16) (drill 6.1) (layers *.Cu *.Mask)
      (net 1 VCC))
    (pad 2 thru_hole circle (at 29.97 0) (size 10.16 10.16) (drill 6.1) (layers *.Cu *.Mask)
      (net 5 GND))
    (model ${KISYS3DMOD}/Connector.3dshapes/Banana_Jack_2Pin.wrl
      (offset (xyz 14.98599977493286 0 0))
      (scale (xyz 2 2 2))
      (rotate (xyz 0 0 0))
    )
  )

  (module Connector:Banana_Jack_2Pin (layer F.Cu) (tedit 5A1AB217) (tstamp 5EEAE225)
    (at 153.145001 48.705001)
    (descr "Dual banana socket, footprint - 2 x 6mm drills")
    (tags "banana socket")
    (path /5EED6E52)
    (fp_text reference J2 (at 14.985 -6.24) (layer F.SilkS)
      (effects (font (size 1 1) (thickness 0.15)))
    )
    (fp_text value Conn_01x02_Female (at 14.985 6.29) (layer F.Fab)
      (effects (font (size 1 1) (thickness 0.15)))
    )
    (fp_arc (start 0 0) (end 0 5.25) (angle 180) (layer F.SilkS) (width 0.12))
    (fp_arc (start 30 0) (end 30 -5.25) (angle 180) (layer F.SilkS) (width 0.12))
    (fp_arc (start 30 0) (end 30 -5.5) (angle 180) (layer F.CrtYd) (width 0.05))
    (fp_arc (start 0 0) (end 0 5.5) (angle 180) (layer F.CrtYd) (width 0.05))
    (fp_text user %R (at 14.985 0) (layer F.Fab)
      (effects (font (size 1 1) (thickness 0.15)))
    )
    (fp_line (start 30 -5.5) (end 0 -5.5) (layer F.CrtYd) (width 0.05))
    (fp_line (start 0 5.5) (end 30 5.5) (layer F.CrtYd) (width 0.05))
    (fp_line (start 0 5.25) (end 30 5.25) (layer F.SilkS) (width 0.12))
    (fp_line (start 30 -5.25) (end 0 -5.25) (layer F.SilkS) (width 0.12))
    (fp_circle (center 30 0) (end 32 0) (layer F.Fab) (width 0.1))
    (fp_circle (center 0 0) (end 2 0) (layer F.Fab) (width 0.1))
    (fp_circle (center 0 0) (end 4.75 0) (layer F.Fab) (width 0.1))
    (fp_circle (center 30 0) (end 34.75 0) (layer F.Fab) (width 0.1))
    (pad 2 thru_hole circle (at 29.97 0) (size 10.16 10.16) (drill 6.1) (layers *.Cu *.Mask)
      (net 9 GND1))
    (pad 1 thru_hole circle (at 0 0) (size 10.16 10.16) (drill 6.1) (layers *.Cu *.Mask)
      (net 10 +12V))
    (model ${KISYS3DMOD}/Connector.3dshapes/Banana_Jack_2Pin.wrl
      (offset (xyz 14.98599977493286 0 0))
      (scale (xyz 2 2 2))
      (rotate (xyz 0 0 0))
    )
  )

  (module Connector:Banana_Jack_2Pin (layer F.Cu) (tedit 5A1AB217) (tstamp 5EEAE238)
    (at 195.195001 48.705001)
    (descr "Dual banana socket, footprint - 2 x 6mm drills")
    (tags "banana socket")
    (path /5EEC8F4E)
    (fp_text reference J3 (at 14.985 -6.24) (layer F.SilkS)
      (effects (font (size 1 1) (thickness 0.15)))
    )
    (fp_text value Conn_01x02_Male (at 14.985 6.29) (layer F.Fab)
      (effects (font (size 1 1) (thickness 0.15)))
    )
    (fp_circle (center 30 0) (end 34.75 0) (layer F.Fab) (width 0.1))
    (fp_circle (center 0 0) (end 4.75 0) (layer F.Fab) (width 0.1))
    (fp_circle (center 0 0) (end 2 0) (layer F.Fab) (width 0.1))
    (fp_circle (center 30 0) (end 32 0) (layer F.Fab) (width 0.1))
    (fp_line (start 30 -5.25) (end 0 -5.25) (layer F.SilkS) (width 0.12))
    (fp_line (start 0 5.25) (end 30 5.25) (layer F.SilkS) (width 0.12))
    (fp_line (start 0 5.5) (end 30 5.5) (layer F.CrtYd) (width 0.05))
    (fp_line (start 30 -5.5) (end 0 -5.5) (layer F.CrtYd) (width 0.05))
    (fp_text user %R (at 14.985 0) (layer F.Fab)
      (effects (font (size 1 1) (thickness 0.15)))
    )
    (fp_arc (start 0 0) (end 0 5.5) (angle 180) (layer F.CrtYd) (width 0.05))
    (fp_arc (start 30 0) (end 30 -5.5) (angle 180) (layer F.CrtYd) (width 0.05))
    (fp_arc (start 30 0) (end 30 -5.25) (angle 180) (layer F.SilkS) (width 0.12))
    (fp_arc (start 0 0) (end 0 5.25) (angle 180) (layer F.SilkS) (width 0.12))
    (pad 1 thru_hole circle (at 0 0) (size 10.16 10.16) (drill 6.1) (layers *.Cu *.Mask)
      (net 7 "Net-(B1-Pad~)"))
    (pad 2 thru_hole circle (at 29.97 0) (size 10.16 10.16) (drill 6.1) (layers *.Cu *.Mask)
      (net 6 /Vout))
    (model ${KISYS3DMOD}/Connector.3dshapes/Banana_Jack_2Pin.wrl
      (offset (xyz 14.98599977493286 0 0))
      (scale (xyz 2 2 2))
      (rotate (xyz 0 0 0))
    )
  )

  (module Inductor_THT:L_Toroid_Horizontal_D32.5mm_P28.90mm_Bourns_2300 (layer F.Cu) (tedit 5AE59B06) (tstamp 5EEAE254)
    (at 149.705001 71.755001)
    (descr "L_Toroid, Horizontal series, Radial, pin pitch=28.90mm, , diameter=32.5mm, Bourns, 2300, http://www.bourns.com/docs/Product-Datasheets/2300_series.pdf?sfvrsn=3")
    (tags "L_Toroid Horizontal series Radial pin pitch 28.90mm  diameter 32.5mm Bourns 2300")
    (path /5ED3F2F5)
    (fp_text reference L1 (at 14.45 -17.5) (layer F.SilkS)
      (effects (font (size 1 1) (thickness 0.15)))
    )
    (fp_text value INDUCTOR (at 14.45 17.5) (layer F.Fab)
      (effects (font (size 1 1) (thickness 0.15)))
    )
    (fp_line (start 30.95 -16.5) (end -2.06 -16.5) (layer F.CrtYd) (width 0.05))
    (fp_line (start 30.95 16.5) (end 30.95 -16.5) (layer F.CrtYd) (width 0.05))
    (fp_line (start -2.06 16.5) (end 30.95 16.5) (layer F.CrtYd) (width 0.05))
    (fp_line (start -2.06 -16.5) (end -2.06 16.5) (layer F.CrtYd) (width 0.05))
    (fp_line (start 30.4926 -0.002973) (end 19.668781 1.397288) (layer F.Fab) (width 0.1))
    (fp_line (start 28.341936 -8.02366) (end 19.668262 -1.399222) (layer F.Fab) (width 0.1))
    (fp_line (start 22.469154 -13.894538) (end 18.269596 -3.820834) (layer F.Fab) (width 0.1))
    (fp_line (start 14.44777 -16.0426) (end 15.84753 -5.218716) (layer F.Fab) (width 0.1))
    (fp_line (start 6.426984 -13.892308) (end 13.051019 -5.218327) (layer F.Fab) (width 0.1))
    (fp_line (start 0.555834 -8.019798) (end 10.629342 -3.819773) (layer F.Fab) (width 0.1))
    (fp_line (start -1.5926 0.001486) (end 9.231349 -1.397772) (layer F.Fab) (width 0.1))
    (fp_line (start 0.55732 8.022373) (end 9.231608 1.398739) (layer F.Fab) (width 0.1))
    (fp_line (start 6.429558 13.893795) (end 10.63005 3.820481) (layer F.Fab) (width 0.1))
    (fp_line (start 14.450743 16.0426) (end 13.051986 5.218586) (layer F.Fab) (width 0.1))
    (fp_line (start 22.471729 13.893051) (end 15.848497 5.218457) (layer F.Fab) (width 0.1))
    (fp_line (start 28.343423 8.021085) (end 18.270304 3.820127) (layer F.Fab) (width 0.1))
    (fp_line (start 30.4926 0) (end 19.668522 1.398255) (layer F.Fab) (width 0.1))
    (fp_circle (center 14.45 0) (end 19.746667 0) (layer F.SilkS) (width 0.12))
    (fp_circle (center 14.45 0) (end 30.82 0) (layer F.SilkS) (width 0.12))
    (fp_circle (center 14.45 0) (end 19.866667 0) (layer F.Fab) (width 0.1))
    (fp_circle (center 14.45 0) (end 30.7 0) (layer F.Fab) (width 0.1))
    (fp_text user %R (at 14.45 0) (layer F.Fab)
      (effects (font (size 1 1) (thickness 0.15)))
    )
    (pad 1 thru_hole circle (at 0 0) (size 3 3) (drill 1.5) (layers *.Cu *.Mask)
      (net 8 "Net-(D2-Pad2)"))
    (pad 2 thru_hole circle (at 28.9 0) (size 3 3) (drill 1.5) (layers *.Cu *.Mask)
      (net 6 /Vout))
    (model ${KISYS3DMOD}/Inductor_THT.3dshapes/L_Toroid_Horizontal_D32.5mm_P28.90mm_Bourns_2300.wrl
      (at (xyz 0 0 0))
      (scale (xyz 1 1 1))
      (rotate (xyz 0 0 0))
    )
  )

  (module Package_TO_SOT_THT:TO-220-3_Vertical (layer F.Cu) (tedit 5AC8BA0D) (tstamp 5EEAE26E)
    (at 187.715001 90.165001)
    (descr "TO-220-3, Vertical, RM 2.54mm, see https://www.vishay.com/docs/66542/to-220-1.pdf")
    (tags "TO-220-3 Vertical RM 2.54mm")
    (path /5ED38925)
    (fp_text reference M1 (at 2.54 -4.27) (layer F.SilkS)
      (effects (font (size 1 1) (thickness 0.15)))
    )
    (fp_text value MNMOS (at 2.54 2.5) (layer F.Fab)
      (effects (font (size 1 1) (thickness 0.15)))
    )
    (fp_line (start 7.79 -3.4) (end -2.71 -3.4) (layer F.CrtYd) (width 0.05))
    (fp_line (start 7.79 1.51) (end 7.79 -3.4) (layer F.CrtYd) (width 0.05))
    (fp_line (start -2.71 1.51) (end 7.79 1.51) (layer F.CrtYd) (width 0.05))
    (fp_line (start -2.71 -3.4) (end -2.71 1.51) (layer F.CrtYd) (width 0.05))
    (fp_line (start 4.391 -3.27) (end 4.391 -1.76) (layer F.SilkS) (width 0.12))
    (fp_line (start 0.69 -3.27) (end 0.69 -1.76) (layer F.SilkS) (width 0.12))
    (fp_line (start -2.58 -1.76) (end 7.66 -1.76) (layer F.SilkS) (width 0.12))
    (fp_line (start 7.66 -3.27) (end 7.66 1.371) (layer F.SilkS) (width 0.12))
    (fp_line (start -2.58 -3.27) (end -2.58 1.371) (layer F.SilkS) (width 0.12))
    (fp_line (start -2.58 1.371) (end 7.66 1.371) (layer F.SilkS) (width 0.12))
    (fp_line (start -2.58 -3.27) (end 7.66 -3.27) (layer F.SilkS) (width 0.12))
    (fp_line (start 4.39 -3.15) (end 4.39 -1.88) (layer F.Fab) (width 0.1))
    (fp_line (start 0.69 -3.15) (end 0.69 -1.88) (layer F.Fab) (width 0.1))
    (fp_line (start -2.46 -1.88) (end 7.54 -1.88) (layer F.Fab) (width 0.1))
    (fp_line (start 7.54 -3.15) (end -2.46 -3.15) (layer F.Fab) (width 0.1))
    (fp_line (start 7.54 1.25) (end 7.54 -3.15) (layer F.Fab) (width 0.1))
    (fp_line (start -2.46 1.25) (end 7.54 1.25) (layer F.Fab) (width 0.1))
    (fp_line (start -2.46 -3.15) (end -2.46 1.25) (layer F.Fab) (width 0.1))
    (fp_text user %R (at 2.54 -4.27) (layer F.Fab)
      (effects (font (size 1 1) (thickness 0.15)))
    )
    (pad 1 thru_hole rect (at 0 0) (size 1.905 2) (drill 1.1) (layers *.Cu *.Mask)
      (net 7 "Net-(B1-Pad~)"))
    (pad 2 thru_hole oval (at 2.54 0) (size 1.905 2) (drill 1.1) (layers *.Cu *.Mask)
      (net 11 /GATE))
    (pad 3 thru_hole oval (at 5.08 0) (size 1.905 2) (drill 1.1) (layers *.Cu *.Mask)
      (net 5 GND))
    (model ${KISYS3DMOD}/Package_TO_SOT_THT.3dshapes/TO-220-3_Vertical.wrl
      (at (xyz 0 0 0))
      (scale (xyz 1 1 1))
      (rotate (xyz 0 0 0))
    )
  )

  (module Resistor_SMD:R_2512_6332Metric (layer F.Cu) (tedit 5B301BBD) (tstamp 5EEAE27F)
    (at 144.615001 104.155001)
    (descr "Resistor SMD 2512 (6332 Metric), square (rectangular) end terminal, IPC_7351 nominal, (Body size source: http://www.tortai-tech.com/upload/download/2011102023233369053.pdf), generated with kicad-footprint-generator")
    (tags resistor)
    (path /5EEECF4C)
    (attr smd)
    (fp_text reference R1 (at 0 -2.62) (layer F.SilkS)
      (effects (font (size 1 1) (thickness 0.15)))
    )
    (fp_text value 150 (at 0 2.62) (layer F.Fab)
      (effects (font (size 1 1) (thickness 0.15)))
    )
    (fp_text user %R (at 0 0) (layer F.Fab)
      (effects (font (size 1 1) (thickness 0.15)))
    )
    (fp_line (start -3.15 1.6) (end -3.15 -1.6) (layer F.Fab) (width 0.1))
    (fp_line (start -3.15 -1.6) (end 3.15 -1.6) (layer F.Fab) (width 0.1))
    (fp_line (start 3.15 -1.6) (end 3.15 1.6) (layer F.Fab) (width 0.1))
    (fp_line (start 3.15 1.6) (end -3.15 1.6) (layer F.Fab) (width 0.1))
    (fp_line (start -2.052064 -1.71) (end 2.052064 -1.71) (layer F.SilkS) (width 0.12))
    (fp_line (start -2.052064 1.71) (end 2.052064 1.71) (layer F.SilkS) (width 0.12))
    (fp_line (start -3.82 1.92) (end -3.82 -1.92) (layer F.CrtYd) (width 0.05))
    (fp_line (start -3.82 -1.92) (end 3.82 -1.92) (layer F.CrtYd) (width 0.05))
    (fp_line (start 3.82 -1.92) (end 3.82 1.92) (layer F.CrtYd) (width 0.05))
    (fp_line (start 3.82 1.92) (end -3.82 1.92) (layer F.CrtYd) (width 0.05))
    (pad 2 smd roundrect (at 2.9 0) (size 1.35 3.35) (layers F.Cu F.Paste F.Mask) (roundrect_rratio 0.185185)
      (net 12 "Net-(R1-Pad2)"))
    (pad 1 smd roundrect (at -2.9 0) (size 1.35 3.35) (layers F.Cu F.Paste F.Mask) (roundrect_rratio 0.185185)
      (net 13 "Net-(R1-Pad1)"))
    (model ${KISYS3DMOD}/Resistor_SMD.3dshapes/R_2512_6332Metric.wrl
      (at (xyz 0 0 0))
      (scale (xyz 1 1 1))
      (rotate (xyz 0 0 0))
    )
  )

  (module Resistor_SMD:R_2512_6332Metric (layer F.Cu) (tedit 5B301BBD) (tstamp 5EEAE290)
    (at 135.925001 104.155001)
    (descr "Resistor SMD 2512 (6332 Metric), square (rectangular) end terminal, IPC_7351 nominal, (Body size source: http://www.tortai-tech.com/upload/download/2011102023233369053.pdf), generated with kicad-footprint-generator")
    (tags resistor)
    (path /5EE9C2D4)
    (attr smd)
    (fp_text reference R2 (at 0 -2.62) (layer F.SilkS)
      (effects (font (size 1 1) (thickness 0.15)))
    )
    (fp_text value 9.1K (at 0 2.62) (layer F.Fab)
      (effects (font (size 1 1) (thickness 0.15)))
    )
    (fp_line (start 3.82 1.92) (end -3.82 1.92) (layer F.CrtYd) (width 0.05))
    (fp_line (start 3.82 -1.92) (end 3.82 1.92) (layer F.CrtYd) (width 0.05))
    (fp_line (start -3.82 -1.92) (end 3.82 -1.92) (layer F.CrtYd) (width 0.05))
    (fp_line (start -3.82 1.92) (end -3.82 -1.92) (layer F.CrtYd) (width 0.05))
    (fp_line (start -2.052064 1.71) (end 2.052064 1.71) (layer F.SilkS) (width 0.12))
    (fp_line (start -2.052064 -1.71) (end 2.052064 -1.71) (layer F.SilkS) (width 0.12))
    (fp_line (start 3.15 1.6) (end -3.15 1.6) (layer F.Fab) (width 0.1))
    (fp_line (start 3.15 -1.6) (end 3.15 1.6) (layer F.Fab) (width 0.1))
    (fp_line (start -3.15 -1.6) (end 3.15 -1.6) (layer F.Fab) (width 0.1))
    (fp_line (start -3.15 1.6) (end -3.15 -1.6) (layer F.Fab) (width 0.1))
    (fp_text user %R (at 0 0) (layer F.Fab)
      (effects (font (size 1 1) (thickness 0.15)))
    )
    (pad 1 smd roundrect (at -2.9 0) (size 1.35 3.35) (layers F.Cu F.Paste F.Mask) (roundrect_rratio 0.185185)
      (net 3 "Net-(C1-Pad1)"))
    (pad 2 smd roundrect (at 2.9 0) (size 1.35 3.35) (layers F.Cu F.Paste F.Mask) (roundrect_rratio 0.185185)
      (net 2 "Net-(C1-Pad2)"))
    (model ${KISYS3DMOD}/Resistor_SMD.3dshapes/R_2512_6332Metric.wrl
      (at (xyz 0 0 0))
      (scale (xyz 1 1 1))
      (rotate (xyz 0 0 0))
    )
  )

  (module Resistor_SMD:R_2512_6332Metric (layer F.Cu) (tedit 5B301BBD) (tstamp 5EEAE2A1)
    (at 153.305001 104.155001)
    (descr "Resistor SMD 2512 (6332 Metric), square (rectangular) end terminal, IPC_7351 nominal, (Body size source: http://www.tortai-tech.com/upload/download/2011102023233369053.pdf), generated with kicad-footprint-generator")
    (tags resistor)
    (path /5EEF846C)
    (attr smd)
    (fp_text reference R3 (at 0 -2.62) (layer F.SilkS)
      (effects (font (size 1 1) (thickness 0.15)))
    )
    (fp_text value 9.1K (at 0 2.62) (layer F.Fab)
      (effects (font (size 1 1) (thickness 0.15)))
    )
    (fp_text user %R (at 0 0) (layer F.Fab)
      (effects (font (size 1 1) (thickness 0.15)))
    )
    (fp_line (start -3.15 1.6) (end -3.15 -1.6) (layer F.Fab) (width 0.1))
    (fp_line (start -3.15 -1.6) (end 3.15 -1.6) (layer F.Fab) (width 0.1))
    (fp_line (start 3.15 -1.6) (end 3.15 1.6) (layer F.Fab) (width 0.1))
    (fp_line (start 3.15 1.6) (end -3.15 1.6) (layer F.Fab) (width 0.1))
    (fp_line (start -2.052064 -1.71) (end 2.052064 -1.71) (layer F.SilkS) (width 0.12))
    (fp_line (start -2.052064 1.71) (end 2.052064 1.71) (layer F.SilkS) (width 0.12))
    (fp_line (start -3.82 1.92) (end -3.82 -1.92) (layer F.CrtYd) (width 0.05))
    (fp_line (start -3.82 -1.92) (end 3.82 -1.92) (layer F.CrtYd) (width 0.05))
    (fp_line (start 3.82 -1.92) (end 3.82 1.92) (layer F.CrtYd) (width 0.05))
    (fp_line (start 3.82 1.92) (end -3.82 1.92) (layer F.CrtYd) (width 0.05))
    (pad 2 smd roundrect (at 2.9 0) (size 1.35 3.35) (layers F.Cu F.Paste F.Mask) (roundrect_rratio 0.185185)
      (net 5 GND))
    (pad 1 smd roundrect (at -2.9 0) (size 1.35 3.35) (layers F.Cu F.Paste F.Mask) (roundrect_rratio 0.185185)
      (net 14 "Net-(R3-Pad1)"))
    (model ${KISYS3DMOD}/Resistor_SMD.3dshapes/R_2512_6332Metric.wrl
      (at (xyz 0 0 0))
      (scale (xyz 1 1 1))
      (rotate (xyz 0 0 0))
    )
  )

  (module Resistor_SMD:R_2512_6332Metric (layer F.Cu) (tedit 5B301BBD) (tstamp 5EEAE2B2)
    (at 161.995001 104.155001)
    (descr "Resistor SMD 2512 (6332 Metric), square (rectangular) end terminal, IPC_7351 nominal, (Body size source: http://www.tortai-tech.com/upload/download/2011102023233369053.pdf), generated with kicad-footprint-generator")
    (tags resistor)
    (path /5EECABC7)
    (attr smd)
    (fp_text reference R4 (at 0 -2.62) (layer F.SilkS)
      (effects (font (size 1 1) (thickness 0.15)))
    )
    (fp_text value 51K (at 0 2.62) (layer F.Fab)
      (effects (font (size 1 1) (thickness 0.15)))
    )
    (fp_line (start 3.82 1.92) (end -3.82 1.92) (layer F.CrtYd) (width 0.05))
    (fp_line (start 3.82 -1.92) (end 3.82 1.92) (layer F.CrtYd) (width 0.05))
    (fp_line (start -3.82 -1.92) (end 3.82 -1.92) (layer F.CrtYd) (width 0.05))
    (fp_line (start -3.82 1.92) (end -3.82 -1.92) (layer F.CrtYd) (width 0.05))
    (fp_line (start -2.052064 1.71) (end 2.052064 1.71) (layer F.SilkS) (width 0.12))
    (fp_line (start -2.052064 -1.71) (end 2.052064 -1.71) (layer F.SilkS) (width 0.12))
    (fp_line (start 3.15 1.6) (end -3.15 1.6) (layer F.Fab) (width 0.1))
    (fp_line (start 3.15 -1.6) (end 3.15 1.6) (layer F.Fab) (width 0.1))
    (fp_line (start -3.15 -1.6) (end 3.15 -1.6) (layer F.Fab) (width 0.1))
    (fp_line (start -3.15 1.6) (end -3.15 -1.6) (layer F.Fab) (width 0.1))
    (fp_text user %R (at 0 0) (layer F.Fab)
      (effects (font (size 1 1) (thickness 0.15)))
    )
    (pad 1 smd roundrect (at -2.9 0) (size 1.35 3.35) (layers F.Cu F.Paste F.Mask) (roundrect_rratio 0.185185)
      (net 15 "Net-(R4-Pad1)"))
    (pad 2 smd roundrect (at 2.9 0) (size 1.35 3.35) (layers F.Cu F.Paste F.Mask) (roundrect_rratio 0.185185)
      (net 16 "Net-(R4-Pad2)"))
    (model ${KISYS3DMOD}/Resistor_SMD.3dshapes/R_2512_6332Metric.wrl
      (at (xyz 0 0 0))
      (scale (xyz 1 1 1))
      (rotate (xyz 0 0 0))
    )
  )

  (module Resistor_SMD:R_2512_6332Metric (layer F.Cu) (tedit 5B301BBD) (tstamp 5EEAE2C3)
    (at 217.225001 57.175001)
    (descr "Resistor SMD 2512 (6332 Metric), square (rectangular) end terminal, IPC_7351 nominal, (Body size source: http://www.tortai-tech.com/upload/download/2011102023233369053.pdf), generated with kicad-footprint-generator")
    (tags resistor)
    (path /5EEC6ACD)
    (attr smd)
    (fp_text reference R5 (at 0 -2.62) (layer F.SilkS)
      (effects (font (size 1 1) (thickness 0.15)))
    )
    (fp_text value 510 (at 0 2.62) (layer F.Fab)
      (effects (font (size 1 1) (thickness 0.15)))
    )
    (fp_text user %R (at 0 0) (layer F.Fab)
      (effects (font (size 1 1) (thickness 0.15)))
    )
    (fp_line (start -3.15 1.6) (end -3.15 -1.6) (layer F.Fab) (width 0.1))
    (fp_line (start -3.15 -1.6) (end 3.15 -1.6) (layer F.Fab) (width 0.1))
    (fp_line (start 3.15 -1.6) (end 3.15 1.6) (layer F.Fab) (width 0.1))
    (fp_line (start 3.15 1.6) (end -3.15 1.6) (layer F.Fab) (width 0.1))
    (fp_line (start -2.052064 -1.71) (end 2.052064 -1.71) (layer F.SilkS) (width 0.12))
    (fp_line (start -2.052064 1.71) (end 2.052064 1.71) (layer F.SilkS) (width 0.12))
    (fp_line (start -3.82 1.92) (end -3.82 -1.92) (layer F.CrtYd) (width 0.05))
    (fp_line (start -3.82 -1.92) (end 3.82 -1.92) (layer F.CrtYd) (width 0.05))
    (fp_line (start 3.82 -1.92) (end 3.82 1.92) (layer F.CrtYd) (width 0.05))
    (fp_line (start 3.82 1.92) (end -3.82 1.92) (layer F.CrtYd) (width 0.05))
    (pad 2 smd roundrect (at 2.9 0) (size 1.35 3.35) (layers F.Cu F.Paste F.Mask) (roundrect_rratio 0.185185)
      (net 15 "Net-(R4-Pad1)"))
    (pad 1 smd roundrect (at -2.9 0) (size 1.35 3.35) (layers F.Cu F.Paste F.Mask) (roundrect_rratio 0.185185)
      (net 17 "Net-(R5-Pad1)"))
    (model ${KISYS3DMOD}/Resistor_SMD.3dshapes/R_2512_6332Metric.wrl
      (at (xyz 0 0 0))
      (scale (xyz 1 1 1))
      (rotate (xyz 0 0 0))
    )
  )

  (module Resistor_SMD:R_2512_6332Metric (layer F.Cu) (tedit 5B301BBD) (tstamp 5EEAE2D4)
    (at 225.915001 57.175001)
    (descr "Resistor SMD 2512 (6332 Metric), square (rectangular) end terminal, IPC_7351 nominal, (Body size source: http://www.tortai-tech.com/upload/download/2011102023233369053.pdf), generated with kicad-footprint-generator")
    (tags resistor)
    (path /5EEA0EA6)
    (attr smd)
    (fp_text reference R6 (at 0 -2.62) (layer F.SilkS)
      (effects (font (size 1 1) (thickness 0.15)))
    )
    (fp_text value 1K (at 0 2.62) (layer F.Fab)
      (effects (font (size 1 1) (thickness 0.15)))
    )
    (fp_line (start 3.82 1.92) (end -3.82 1.92) (layer F.CrtYd) (width 0.05))
    (fp_line (start 3.82 -1.92) (end 3.82 1.92) (layer F.CrtYd) (width 0.05))
    (fp_line (start -3.82 -1.92) (end 3.82 -1.92) (layer F.CrtYd) (width 0.05))
